GAL_031.41+00.31                       0    0    0    0    0    1    0    0    0    0    -0.083333    0.083333   -0.083333    0.08333    0    0    1
GAL_0.253+0.016                        0    0    0    0    0    1    0    0    0    0    -0.083333    0.083333   -0.083333    0.08333    0    0    1
W51                                    0    0    0    0    0    1    0    0    0    0    -0.083333    0.083333   -0.083333    0.08333    0    0    1
GAL_032.80+00.19                       0    0    0    0    0    1    0    0    0    0    -0.083333    0.083333   -0.083333    0.08333    0    0    1
GAL_010.47+00.03                       0    0    0    0    0    1    0    0    0    0    -0.083333    0.083333   -0.083333    0.08333    0    0    1
W49                                    0    0    0    0    0    1    0    0    0    0    -0.083333    0.083333   -0.083333    0.08333    0    0    1
Sgr_B2                                 0    0    0    0    0    1    0    0    0    0    -0.083333    0.083333   -0.083333    0.08333    0    0    1
NAME_G29.96-0.02_HMPO                  0    0    0    0    0    1    0    0    0    0    -0.083333    0.083333   -0.083333    0.08333    0    0    1
W33                                    0    0    0    0    0    1    0    0    0    0    -0.083333    0.083333   -0.083333    0.08333    0    0    1
Sgr_Astar                              0    0    0    0    0    1    0    0    0    0    -0.083333    0.083333   -0.083333    0.08333    0    0    1
GAL_012.21-00.10                       0    0    0    0    0    1    0    0    0    0    -0.083333    0.083333   -0.083333    0.08333    0    0    1
GAL_024.78+00.08                       0    0    0    0    0    1    0    0    0    0    -0.083333    0.083333   -0.083333    0.08333    0    0    1
W43_MM1                                0    0    0    0    0    1    0    0    0    0    -0.083333    0.083333   -0.083333    0.08333    0    0    1
W43_MM2                                0    0    0    0    0    1    0    0    0    0    -0.083333    0.083333   -0.083333    0.08333    0    0    1
RAFGL_2271                             0    0    0    0    0    1    0    0    0    0    -0.083333    0.083333   -0.083333    0.08333    0    0    1
GAL_019.61-00.23                       0    0    0    0    0    1    0    0    0    0    -0.083333    0.083333   -0.083333    0.08333    0    0    1
GAL_350.110+00.090                     0    0    0    0    0    1    0    0    0    0    -0.083333    0.083333   -0.083333    0.08333    0    0    1
IRAS_18102-1800                        0    0    0    0    0    1    0    0    0    0    -0.083333    0.083333   -0.083333    0.08333    0    0    1
IRAS_18253-1130                        0    0    0    0    0    1    0    0    0    0    -0.083333    0.083333   -0.083333    0.08333    0    0    1
GAL_019.474+00.171                     0    0    0    0    0    1    0    0    0    0    -0.083333    0.083333   -0.083333    0.08333    0    0    1
